# S3-async u30-slots-120 — 2026-09-22 14:30:22
# base=http://localhost:8080 users=30 duration=300s topic=MOVIE_WATCHING/LEVEL_3 audio=scripts/test_audio.webm
# 서버 기동 명령을 여기 손으로 적을 것:
#   
user attemptId                             q   http  submit_s  complete_s
1   9398c27e-6019-4276-9309-623de5d659db  2   202   0.019956  12.3
1   3e82938d-4cfc-47d1-87da-40f5fcd4fa0e  3   202   0.021745  14.4
1   659a938b-75a0-4b41-85e4-fb12635698ad  3   202   0.023159  16.4
1   009c11eb-52b2-4da9-a0ca-adb161eea0d5  3   202   0.025612  18.4
1   9371735d-7513-4404-8896-0e223da41434  3   202   0.026164  16.3
1   3535ba6f-6f96-47bc-88b9-16e8edf14a07  3   202   0.029193  18.3
1   3e94a7b2-cd62-4ea6-9331-cf4e21ca4a42  3   202   0.031000  12.3
2   eb9c60a9-d1ee-4245-b14c-d5f6c8c68fbd  3   202   0.016905  12.3
2   d2ffe451-16d4-40e2-aa60-47337f3ee27b  3   202   0.017675  14.3
2   d950fa88-dac1-44d2-bda8-818323491a97  3   202   0.017803  12.3
2   418a547a-55bb-4cde-a5d8-78a35ff7eb97  2   202   0.021612  12.4
2   1c13b627-9bcd-45c1-90e7-dbb7ca0b6412  3   202   0.021823  14.2
2   c459979d-714a-43f1-bce3-803732b6285e  3   202   0.025386  12.2
2   51bfcd53-ce4f-4a73-8f9a-2a9ae764db7d  3   202   0.031685  18.5
3   36f1e6f7-f3a9-4718-9459-5d4eb90bf055  3   202   0.015332  14.3
3   8f9c668a-9227-41ba-a87e-e9936ab17d42  3   202   0.017904  22.5
3   2926a4c4-794f-49e8-ac97-21d9e01249ee  3   202   0.019873  14.3
3   f8b92c2a-7d4c-4e3e-8fbd-a1b80b900345  3   202   0.020394  12.3
3   ba2f59f4-e326-4f99-8bc5-64e0e2065a4e  2   202   0.023343  12.5
3   f33f3799-f004-434a-a8ec-1db7f387ee05  2   202   0.024300  10.3
3   f27f69cb-0180-40b7-aa52-fdb31ce0b6e1  3   202   0.036259  12.4
4   54f3312b-c876-4bfc-ae16-965e43f50f8c  2   202   0.017287  12.3
4   29476c30-518a-4dd6-9a31-075285fd0c12  3   202   0.018372  12.3
4   41533929-ae53-46ed-9de8-2920c0e6a75f  3   202   0.021265  12.3
4   b198ccc9-9ee2-48e4-86ea-772db85fd920  3   202   0.022899  12.3
4   dad87c20-1872-402d-8776-5e16a1c89888  3   202   0.025628  16.4
4   724bb82c-96cd-43c5-abb5-b0974cbb2dc0  3   202   0.027353  12.3
4   9495d5f3-40d9-4515-9559-5dfd310b1a4a  3   202   0.029428  12.3
4   8eb0d782-3193-497d-8729-33e0b35fb6a0  3   202   0.034286  10.2
5   d1b6adf9-089c-43fd-8947-53975841064b  2   202   0.017646  16.3
5   62b4af55-c722-40d7-a768-8aad7a21023d  2   202   0.018132  16.4
5   d7839046-6d1a-4f43-baeb-1e10f6b2f77c  2   202   0.019660  14.5
5   1f8ab56e-f445-4ee4-8ccd-10377b8e6576  3   202   0.020868  12.3
5   6b56dd7e-ddfc-439b-89bc-122c62765c5b  3   202   0.020905  14.5
5   3fa968e2-280e-425c-b83e-953ab9fa6f2e  3   202   0.022418  18.4
5   cc669770-8b7f-43f0-bc31-1fa7e04eb0f1  3   202   0.031712  10.3
6   ec4efd06-83bf-4d07-9862-ccf943604b35  3   202   0.017293  16.4
6   37bc37e4-04f7-4a14-8ad2-74dbdbf05a75  3   202   0.019859  10.2
6   e24e55db-89d0-4015-b8fc-c55502201130  3   202   0.020399  12.3
6   d667cb7b-eb5b-4bd5-ac95-4135e455588f  2   202   0.024240  12.4
6   63b65670-819c-4b96-8ea1-39f56850cb27  3   202   0.025376  14.3
6   e7671a9e-d517-43a6-86f4-5368f616d740  3   202   0.026890  12.3
6   e2efd8da-04fd-4cb3-b127-8db163069379  3   202   0.029116  14.3
6   6b346d34-f533-4efd-9fc7-22db618c9af1  2   202   0.029810  14.3
7   bed348aa-217e-4a45-a3ad-0edf3411a58e  3   202   0.012753  14.3
7   b2b63b24-2983-497b-9dbe-13b05a110c8c  3   202   0.014007  12.3
7   78af7b89-2f68-4f4e-8a24-138914158578  2   202   0.014084  14.3
7   81ce423e-020e-4daa-b25c-c62067b57c9b  3   202   0.018894  12.2
7   19790861-0f6d-490f-b826-0352ac51b7fa  3   202   0.021013  20.5
7   1a80fb9c-a8de-486f-8696-2e5910b102ca  2   202   0.024047  12.3
7   aa150ff3-89fe-412a-a175-c8255e0cd0cf  2   202   0.025115  10.3
8   d41fcdbc-5787-46d9-9ea7-70f6d1075349  3   202   0.013169  12.3
8   43b5310c-abda-4e64-aca0-43ad1d22257c  2   202   0.016735  12.3
8   907e269d-94e8-47a5-9038-d1aff7d9a9c6  3   202   0.018391  12.3
8   54fc55fc-d291-4a3d-a179-62dad8933629  3   202   0.019521  16.3
8   bbe4d68f-b896-481f-9599-6d51bc255547  3   202   0.020465  14.3
8   ac26b5c3-661e-494b-a110-fdd29655603d  2   202   0.024082  14.7
8   41f2d907-c95c-4f05-bc1a-4b8834cd4a2c  3   202   0.103958  22.5
9   11c29492-3ba6-4181-a1f8-e2a0aedfa382  3   202   0.016278  12.4
9   3b14165f-9dcf-4174-a748-f76ff511cd69  3   202   0.019624  14.3
9   9f548563-dbc5-46c5-8356-5bbff7f813b3  3   202   0.021986  12.3
9   ec7339a1-c911-4e77-a03d-03eae7b32af7  2   202   0.022182  12.3
9   ca8a10b3-5201-49db-922f-8ca86dccc857  3   202   0.023921  12.3
9   cb0c2f5e-6c16-4a36-8cfb-32b077e98da7  3   202   0.025453  12.4
9   19a3d1fc-508b-452e-a9b6-a79dbe3128c3  3   202   0.029375  12.3
9   f511f2da-3914-4e65-bfad-b13f92493ff0  2   202   0.039478  14.4
10  236e58d0-d545-42e7-b00e-0dc48db409a6  3   202   0.015563  18.3
10  b41b76ae-3f92-4021-8637-12f57cf98cfb  2   202   0.017411  12.3
10  e1d5c2d9-895d-40c9-98a1-7229b1861f01  2   202   0.018762  12.2
10  f7e8e933-d93e-4b0b-9207-b4169f501405  3   202   0.019643  14.3
10  1220f738-ba69-4079-ad39-dc771bea7a48  3   202   0.023905  12.3
10  6c6d0a00-fe33-4b97-82db-b9ccd6bff08f  3   202   0.024554  14.3
10  55a0062d-d864-4def-ae95-bc47f88b18aa  3   202   0.032501  12.3
10  c9623c09-ea5f-4377-a89c-0040d206244d  2   202   0.037919  18.4
11  6281624a-8d48-4e22-abe7-f6d8c2c87b8c  2   202   0.018400  12.3
11  ecc780a8-ff69-4cd5-8a26-034cf721677d  3   202   0.020289  14.4
11  a675bc50-52d9-4a7f-b1d1-cf09c883d8f1  3   202   0.023364  14.3
11  1204ced4-cd4f-4669-83c8-290e8653dffe  3   202   0.026724  12.3
11  19fd1a78-9233-416f-afe9-d699bb2480c1  3   202   0.032910  12.3
11  85fd6a9f-5113-4b5d-8a60-803249892bda  3   202   0.036705  18.4
11  67028235-7a50-4309-b025-a05aba96a0d2  2   202   0.039651  12.3
12  b39518af-3d61-4076-8df0-04c610f67326  3   202   0.020426  12.3
12  b4d4329f-a7e5-45e8-a210-17c79a10875f  3   202   0.022005  14.3
12  dc8abb65-aa91-406b-a278-6599ce1489b4  3   202   0.022871  18.4
12  650ef02a-e4f1-45c0-8cba-a5b6e6d0ed58  3   202   0.026822  12.3
12  8fcb9f8f-d817-47cc-ad56-c95aec0ab275  3   202   0.030852  14.4
12  a178806f-cd3e-4668-a621-d20a569caf70  2   202   0.034588  18.4
12  a33cb5ba-be2f-4387-957d-320e3e6f6178  3   202   0.034840  14.4
13  b71db1c5-3aef-424b-a2e1-4e2117fc7467  3   202   0.018634  14.3
13  0d065b47-8aa0-414c-bf94-36afcfbb3d32  3   202   0.019763  12.3
13  31822450-446a-4739-bd77-68fff409e70c  3   202   0.020859  16.3
13  94b43376-38be-4a19-beab-e3699da53031  3   202   0.024313  14.3
13  2684a202-c5b8-4150-bada-1d50a79591af  3   202   0.024555  12.3
13  f9ccad5e-fd41-4946-873d-273ed750aff8  3   202   0.031666  20.4
13  3ce78984-6b02-4355-b421-25a09b4bef4e  3   202   0.039173  14.4
14  134358c9-e16d-4d35-a4b6-7eb7e090dc27  2   202   0.018174  12.3
14  babc9c42-4ef2-44b7-8c8d-61da583263b2  3   202   0.019088  14.3
14  e4952aa2-8460-4d52-96ee-40ed0b4bc204  3   202   0.019786  10.2
14  476d35ab-3e82-4f86-9006-a311bfb37c77  3   202   0.024108  14.3
14  167d46a7-9a8a-4fa4-babf-514dda03874e  3   202   0.026403  18.3
14  5366cacc-6b5f-4b90-8fd2-718fad7e9ae0  3   202   0.028180  10.2
14  6616231a-daa5-4504-9ff4-e26fe7a0ed56  2   202   0.028768  12.3
14  e98bc0dd-c2f5-4d3f-a259-3fa95a17f760  3   202   0.029731  12.3
15  7abc15da-bffe-4eae-a401-c408d1297b5a  3   202   0.014680  18.4
15  c9f5534e-e0a7-4138-bf26-93b80a9f1241  3   202   0.019835  16.4
15  956e0e7e-b9ab-4601-8c18-67e16ba4da7b  2   202   0.020622  12.3
15  fef5d1f9-3a49-443b-a250-812bd6aa8e0b  3   202   0.025575  10.6
15  cba3ed87-72cb-4fb8-aca4-1cb4d8457d1d  3   202   0.026843  16.4
15  881f7de7-d5ea-47eb-adae-8d2fa71d7d37  2   202   0.028500  14.3
15  48f0ed66-f15c-4d22-95c1-62271246e6f5  3   202   0.029094  12.3
16  1502a117-ccbb-4e35-a7da-94f6f6fda2ab  3   202   0.015709  16.7
16  02931f76-39df-4294-89cc-c7803e279df6  3   202   0.018841  12.3
16  c94c71de-ab3c-4757-85f0-c5a9d4ad3914  2   202   0.019554  12.2
16  2fe8fd2f-5757-4054-aabd-bd6f9a9534f1  3   202   0.020011  12.3
16  91da5587-50ce-4b78-8670-3faa3d6dfe36  3   202   0.020148  16.4
16  33fb4db5-df29-408f-a62b-c881aafa4bdc  3   202   0.022529  12.3
16  1d9a6427-0c10-44aa-bffe-a9028731cec9  3   202   0.026685  24.5
17  1ea651aa-c682-4364-81ff-2d11a06e0f1a  3   202   0.016853  18.3
17  e13a6992-1c9a-4cdf-9975-3459d1021060  3   202   0.018365  20.5
17  90fc37df-3848-4d15-a919-9b246011ea02  2   202   0.018639  12.2
17  8bafe834-24dc-412d-b2c8-039fd1b3028c  3   202   0.018678  10.2
17  abd82f1d-4f2f-4762-8b5b-757342f2ba37  3   202   0.021010  12.3
17  b7c36f3b-fbeb-4aa9-853d-bd0306f0db41  2   202   0.023548  12.3
17  b190c4f2-5506-4c87-a638-5f763aa61d87  3   202   0.023663  12.3
17  438088bf-f461-4f5b-989e-b30ddd7d52b4  3   202   0.037778  14.3
18  da50ecf4-740f-494c-88e1-dd39886237ba  3   202   0.016168  12.3
18  d8aff669-8c98-452f-931a-c064e621715b  2   202   0.018375  14.3
18  a4573a97-8efb-4be3-9128-3a6b7762ec4e  3   202   0.019023  14.3
18  8098b99b-42f7-4795-8cff-29ef155d956b  2   202   0.024002  12.3
18  e5170e59-861a-4cc6-b936-22b31c4d87ec  3   202   0.024688  14.3
18  f96fc4da-756e-468c-9334-e2282aa70ec0  3   202   0.027882  12.3
18  505792cd-f19e-400e-b0c4-18edf7592d2c  3   202   0.028023  12.3
18  5c863043-ceec-4b36-9cf3-f8287c53ae2c  3   202   0.442594  12.8
19  185749e1-9606-4c3f-8618-1413933013ec  3   202   0.019050  12.2
19  7fb57e80-3872-4972-be17-3398d8a8ac65  3   202   0.019784  10.2
19  8dab0581-6635-43ee-b329-994b9440c2c6  2   202   0.022432  16.3
19  b4707459-b338-4b58-b101-e1446612d729  2   202   0.026021  14.3
19  b4b93b77-78fb-4304-85f1-0406deba2818  3   202   0.027782  12.3
19  4b5051f8-a0f1-49ba-b8fb-79eedaad6a20  3   202   0.028583  12.3
19  19024f7c-68f2-4ed0-8fb5-862d22bd9959  3   202   0.031384  14.3
19  5137c4ed-5d86-49dd-8a03-44b8545be0b4  3   202   0.039948  12.3
20  bcdec3cf-d675-403b-8275-0c1b5d3bc2d2  3   202   0.011071  20.4
20  a9bca558-e66b-437f-aab5-720f042e7e60  2   202   0.015254  12.4
20  1fd8e9a6-5c23-4f36-907f-88dc7551d875  3   202   0.019527  14.4
20  61a3f140-f6d6-4c8d-a720-8a8bc0d3b0e8  2   202   0.020832  14.3
20  a8c6143e-8556-4dff-92b5-2fa7c4a8ba16  3   202   0.023724  14.3
20  56d59e30-9923-47d7-9f69-537f6ce06e13  3   202   0.025497  14.4
20  b32f4719-6ff6-4466-8987-b3f9152a99cf  3   202   0.026735  12.3
21  16c8882b-5be2-405e-a366-a045eddc9746  3   202   0.017049  14.3
21  df6ed4db-b3ee-4e3b-b752-75753eb56336  3   202   0.019729  12.2
21  1455c96d-f08d-42cb-8977-17035a85ea46  3   202   0.020940  12.3
21  1fd6aef1-7cd6-472a-8514-a5f9d5a04b52  3   202   0.022482  20.5
21  15b2ce6b-5205-4073-84c0-069087bb543c  2   202   0.023705  10.2
21  ac635f4e-391a-4fe5-997f-0257bd2f9e9d  3   202   0.030436  12.3
21  d026e116-25d3-48b2-9af2-c51c8a2e769a  2   202   0.031723  14.4
22  83a773c3-0307-4da9-ba48-948ef09d1d53  3   202   0.018651  14.4
22  8af68d81-2f17-4cb7-82b6-694302ffbb68  3   202   0.019938  14.3
22  c03109dc-c4a3-4607-a457-1c7c1d2ee6f9  3   202   0.021439  10.3
22  d93a88af-2ebc-4de6-8e45-04a0ede47773  3   202   0.021576  10.3
22  3821eca0-4673-4fc6-8439-4a7777d222ae  3   202   0.023034  14.3
22  e923c9b0-fd7a-41e4-a944-3fc02c297700  3   202   0.024811  10.2
22  83378a80-9f43-4424-8e57-a22249225a49  3   202   0.032353  10.3
22  450351f0-99bd-4c1d-ab67-f8c674b51944  2   202   0.075721  14.4
23  1be34ba3-31e5-4706-b252-ecf7d21f14ec  3   202   0.011840  12.2
23  f641777a-16eb-4572-8f33-0fe09ad947f1  3   202   0.019691  12.2
23  501cd33f-a709-4da0-b4ea-13cc8c15cb41  2   202   0.022824  12.3
23  4a2e3ca5-5aa0-445b-bedd-95e806432a47  3   202   0.023579  16.4
23  09fa9d47-489a-4512-878d-dfb344832d41  3   202   0.024631  12.3
23  33a553d7-6acf-4e85-8477-c8d790c9266a  3   202   0.025139  12.3
23  9c71f9ef-267f-41f5-8c60-c50d5473a514  3   202   0.037247  12.3
24  ebd90ded-ef2a-4f6d-985f-89f907d8eabb  3   202   0.009592  16.4
24  20828407-3465-4761-9668-7fa49a862ee3  3   202   0.016203  12.2
24  bd288fbe-b74d-4b0e-9dcb-671ef22bc24b  3   202   0.020168  20.4
24  82c2fbd0-e95c-4fa9-9ed4-f64abf53f357  3   202   0.020512  18.4
24  fe4830cc-db12-4a59-9a7e-38484685ac26  3   202   0.021873  12.2
24  92ff2f94-8998-47db-bab0-2b96584be178  3   202   0.029682  14.3
24  4a97f192-ff7d-4965-9d6b-ad512fe30992  3   202   0.046024  18.6
25  779b8ced-8a2c-4a5e-9595-71acf671f42b  3   202   0.015810  12.3
25  79a9880f-3be6-4551-9e31-eacf49daa247  3   202   0.016723  14.3
25  ddb91fa1-fc6a-4fb8-a57a-33ec6ba5c9a9  3   202   0.017401  10.2
25  3b44b227-e1ce-4acc-ae36-949829f26b21  3   202   0.019239  12.2
25  bb36d5d9-dbc4-4d11-812a-d6f854a3a78e  3   202   0.019364  16.3
25  51309458-e708-4975-994f-d0b671689d33  3   202   0.021831  12.3
25  d855699c-4e2d-4c41-827b-b2f713fd1b56  3   202   0.021977  16.4
25  637f84f2-f1cb-4ddb-9db4-7f925b795d4a  2   202   0.024699  12.3
26  2d09d17f-d78f-4da3-89c0-566f89ac72e5  3   202   0.017648  10.2
26  e6a30796-7f29-4c9f-b523-5f26a558541b  3   202   0.019809  12.3
26  15fd2c2b-afa4-4ac1-bbcd-f7b68c084fa8  3   202   0.021288  16.4
26  390e30ed-294e-4cc0-8d86-d623ba2bc2cd  3   202   0.024002  10.2
26  8713edbc-aee1-4d2f-a6d8-67665d815a43  3   202   0.024744  14.4
26  658ccfa1-03ac-4dad-9eee-dfa3935f11d6  3   202   0.025136  12.4
26  e67aaf31-85e9-4ad7-aac2-3fc13500d220  3   202   0.028064  12.3
27  3c72d8ba-b7a7-4c10-9e8a-49eda86ddd7d  3   202   0.016677  12.3
27  662c0462-0382-43b5-95b2-027186080102  3   202   0.018125  20.4
27  cdaec058-e951-4f49-a122-96479ca45648  3   202   0.021504  10.3
27  17410c9d-b827-4790-95b9-9dbb8207130d  3   202   0.021590  12.2
27  b0542ad8-bebc-4814-b882-5f36d05d626c  2   202   0.022037  12.3
27  c09ce695-e430-466b-8d18-0f3c9f237e02  3   202   0.022677  18.4
27  13559d13-a31d-40e4-a3ff-c5402030aaf8  3   202   0.029978  12.3
28  8c05df4c-603c-460c-b7ee-a459fcc857af  3   202   0.010431  12.3
28  0bf33f33-c3ea-4014-be28-5aeb7c53a05e  3   202   0.017498  12.3
28  26bff88d-bede-46b7-967a-7730f952f36d  3   202   0.020666  12.3
28  af8efda9-4f48-42e0-9416-737f54112aec  3   202   0.022625  12.3
28  1484e3fc-f242-4dd4-afbe-d82eacf99170  3   202   0.022988  16.4
28  35e29287-10b4-462f-b751-fbad3be08c9f  3   202   0.024652  12.3
28  e215bf7f-0dba-4cec-b5ef-6b2da07a6eeb  3   202   0.025242  12.2
29  6f9d11f2-4497-47a2-bd6f-c358be3f1614  3   202   0.020072  12.3
29  58c80f60-54d5-477a-9074-257b315d24e1  3   202   0.020462  12.3
29  ab35d41c-9edf-4c5a-aeb2-15e3e87fc5ef  3   202   0.022689  14.3
29  f4edb0d0-d5dd-4504-bd35-6d1c6047bc16  3   202   0.023023  16.7
29  14542593-3b7c-4bac-a20d-8c31a9d1ddfb  3   202   0.027796  12.3
29  00f6c9c4-0463-4632-aba7-9a8559eb997b  3   202   0.029526  20.4
29  890db015-1b53-4b43-b312-a47eba807368  3   202   0.033429  16.4
30  b3bd02b9-d8f3-4062-ae4d-0861f4cfc523  2   202   0.018660  10.2
30  3b4fc93d-feb7-4cc2-88d6-bdb1cbc04952  3   202   0.019955  20.5
30  ce497a0b-698d-45a0-944d-c0153c42f5bc  3   202   0.021195  12.3
30  c5a5cd12-7cd7-4008-841a-5ba0dcb390c8  3   202   0.022736  14.3
30  b678ffce-b921-4781-9216-ab8bb3827c2f  3   202   0.024628  20.5
30  202391ff-0849-4367-8344-67e593b162c6  3   202   0.024671  12.3
30  21ddcaa0-96c2-4fac-ac4a-f6e3590664f0  2   202   0.024750  12.3

# 콤보 220건 / 문항 616개 / 332s → 40 콤보/분
# 접수 HTTP: 202=220 비202=0  (SLO 100% 202)   R2 업로드 실패로 접수 안 함: 0건
# 접수 응답: avg 0.026s  p50 0.022s  p95 0.037s  max 0.443s  (SLO p95 ≤ 0.5s)
# 접수→완료(클라이언트 폴링 기준, +≤2s): avg 13.9s  p50 12.3s  p95 20.4s  max 24.5s
# 큐 깊이(5s 샘플 66회): avg 0  max 6   처리 중: avg 20  max 58
