# S3-async vm-u100-slots-60 — 2026-09-22 16:07:15
# base=https://opicnic.xyz users=100 duration=300s topic=MOVIE_WATCHING/LEVEL_3 audio=scripts/test_audio.webm
# 서버 기동 명령을 여기 손으로 적을 것:
#   
user attemptId                             q   http  submit_s  complete_s
1   da12dd6c-c2c0-4b5b-8b1b-0ae4179011a5  2   202   1.318882  10.2
1   d7d8e712-840a-4a11-822a-7b0fc6401a02  3   202   1.637798  10.4
1   98fe8457-59fc-4eb2-90a1-f2b97fc13646  2   202   1.815227  11.0
1   a3681fbf-5d09-460f-93de-4c476b8e6cbc  3   202   2.129306  11.5
2   9c2f5b0c-32ba-4563-8463-7c7f394f23a2  2   202   1.563864  10.5
2   040e929e-b168-4dc6-865d-c2064ff3f8a4  2   202   1.607949  10.9
2   22e60a84-de89-4e2f-a5c6-15945e17fb20  2   202   1.798330  15.6
2   b5dda222-6ae6-4175-b4e0-10149a754233  3   202   1.845824  11.6
3   acd9ecf1-d5ac-4e32-92bb-87625b9da132  3   202   1.410063  13.9
3   65153b6b-2472-43d5-99b8-f8c89e1639e1  3   202   1.523438  14.7
3   9a5537a5-b8c8-4517-a475-74f8311f1ac0  3   202   1.830496  11.1
4   f641f10c-5673-4161-bcca-b13f786daba7  3   202   1.609217  11.8
4   6b3d5a33-7ff9-46d4-ab2b-4a98dcbd1306  3   202   1.927819  18.4
4   4d362a6a-96e9-4e1f-9231-23dd7cbbec7b  3   202   3.184768  16.6
5   27a3a1e8-1729-412c-af1e-7e09298c5035  3   202   1.387751  13.7
5   23b98e0d-974f-4167-b963-ba6f0e3b0e73  3   202   1.641400  11.1
5   df25f82e-3ea9-4c61-8808-502511b3a0f1  3   202   1.733034  10.9
6   838bf564-9e66-4750-97b4-3784baf26ed6  2   202   1.456060  11.5
6   4803af27-e842-4db5-8f0a-4782dbf4d2d8  3   202   1.633779  11.4
6   a145af42-0b00-405a-80e6-f3b6fe129f56  2   202   1.697824  15.5
6   9ece73d6-52e0-4b21-b3d1-a937e1fe38c2  3   202   1.760328  11.4
7   c2446188-370c-42f0-b511-190f7e5a008d  3   202   1.414295  13.1
7   845d1ffc-1980-43d0-8c8f-2844bc54e0de  3   202   1.456505  10.8
7   ac050473-5121-4f4e-b3b2-351c3d601012  2   202   1.615919  14.6
7   5f38eedc-9d28-4732-8fe6-3f37891688a1  2   202   1.978370  11.0
8   2061c4ab-8adc-4e78-b021-76da4c28fb8b  3   202   1.463436  13.6
8   0ea2b524-ccff-4957-8bea-1f92ced1666d  3   202   1.577902  16.2
8   7fbe1134-ff6d-49ff-a85d-3a49494e2205  2   202   1.701652  19.4
8   81995851-3468-4f09-a18f-3a6ee0a2c19e  3   202   1.957323  12.3
9   3ea209ff-21d1-43cf-af9c-73ba29fad03d  3   202   1.379233  15.7
9   51fcb35d-b092-4c4f-9c96-10729206c2cf  3   202   1.408500  13.4
9   f5f590a8-5708-487f-bb7b-c02543055bcf  3   202   1.821016  11.5
9   d6b52e91-c388-4d76-8781-3f9df1fff633  2   202   1.906178  11.6
10  b1a80798-cdad-49d0-b15e-8e54fa294def  3   202   1.514250  10.8
10  dedbd146-8c60-4e3e-bebd-60e0338f961c  3   202   1.811497  11.7
10  d3ea9a90-5afe-4af3-a47e-a339b6ab5eec  2   202   1.914244  12.0
10  f3404dd2-4b30-47e5-b9eb-5b9b0b7879d4  3   202   1.920912  12.0
11  f96ff664-a464-493c-a4d2-d003f60bdc5f  3   202   1.684400  11.2
11  92765ebe-3f0a-4470-8b05-2040d591e2d2  3   202   1.859700  18.5
11  3a7c6439-ad78-43ac-a66f-75a6b4d91e6b  3   202   1.970869  12.0
12  fd18576c-dff1-4065-9f39-8a15610c4e8a  3   202   1.402637  14.0
12  3b9152eb-31a5-4048-89be-ee3e44aec3e0  3   202   1.593770  10.7
12  741e5153-9101-4913-b7fb-7acaa0e686a8  2   202   1.800288  15.5
12  5ee292d7-fbf7-40a9-ac38-173afb22a229  3   202   1.929560  11.3
13  ba998348-44d3-468b-8f9b-3d8515322faf  3   202   1.440002  13.6
13  12846821-0cb8-4beb-af22-06b347c3990f  3   202   1.630229  11.3
13  ef90437d-a21a-481f-9ad9-eea8d0340867  3   202   1.730243  10.8
14  fcdf3d15-0494-4b17-a852-abc7f2480e41  3   202   0.593906  17.0
14  04ded3fc-98d9-4217-bad4-84c135f7c364  2   202   1.317097  10.1
14  61ed9421-c31a-4c66-a809-c24b57f60d9d  2   202   1.698681  11.8
14  a597077e-caab-4f99-889c-719d7d9cbffd  3   202   1.856357  34.0
15  c325be7c-c2e7-4ee1-927c-882342c34961  2   202   1.458427  10.8
15  c52fc511-10fa-460b-b3a3-1cb425ed4ed2  3   202   1.569003  11.2
15  737e097d-ea16-4f12-a54c-b07e29bdee45  3   202   1.633598  11.3
15  569164f3-af6c-456b-8bfa-f5a9b937226e  2   202   2.421215  11.4
16  ada16bf7-56b8-4bc4-8c49-9d281364941d  3   202   1.654984  12.7
16  63d0fc31-049d-4e63-8af2-8bf7c3c9be31  3   202   1.887009  11.2
16  a5ecb017-0468-4825-8a63-47de35175cb0  3   202   2.094865  26.0
17  54c659f8-6852-4da6-a82f-06d4da2ed217  2   202   1.045291  15.8
17  22d767c2-793a-4390-90c5-30affca95589  2   202   1.629148  11.2
17  9e405474-f9bb-45b6-afcd-f2ec3624bfb4  3   202   1.836911  18.0
17  301725a1-2228-41c3-bf6a-16a33250e897  3   202   1.855747  12.5
18  533f3952-7d4d-4577-b0d3-c11913c30a37  3   202   1.043914  17.3
18  1cb52d63-19d8-461b-83ae-1a1d396c7308  3   202   1.734216  11.3
18  16e0aba7-897b-4101-9819-4229ee5e0d22  2   202   1.959681  12.7
18  1937db61-2887-4878-9281-0d0e7c659b7c  3   202   1.972968  11.6
19  190a7682-61ea-4f03-880d-ca6aee57ba48  3   202   1.829723  10.9
19  cf0133fe-dc90-4ce9-b979-2bb61c7558ac  3   202   2.106421  26.5
19  37850f26-04b1-45d1-8808-f51e8267b10c  3   202   2.442729  15.3
20  6af39f53-9f91-400a-9444-cc97e6b0835a  2   202   1.417873  10.3
20  125816cf-0f5e-4cab-be4c-88fd3d170c86  3   202   1.795134  14.7
20  28b8d502-52d1-45a8-8e96-46ac251788f8  3   202   1.886718  11.6
20  f6a4f023-adc0-4e9e-9e40-bc69583491a8  3   202   1.889733  19.2
21  3dd8cfe5-ca61-42f9-887b-5f54b6677493  3   202   0.614847  19.6
21  6f66332d-dede-4384-8b4a-9bf13456f358  3   202   1.523371  13.6
21  9f70a1a5-7e32-4780-bd05-a5ee14036d3e  3   202   1.589900  10.1
21  6bd11584-d647-424e-8126-b9e599bbd417  3   202   1.724775  10.9
22  c5345d98-2503-4595-b741-a74629e4295c  2   202   1.350522  10.2
22  059a44e6-7010-4c1b-97cc-e29dfe3b8f09  3   202   1.718430  12.1
22  270c042c-4106-481a-afca-ad4e515df996  3   202   1.929033  14.9
22  d56ae277-ebe9-45f7-97f2-65dc52a28a4a  3   202   2.002621  12.1
23  cbc74d2d-19f1-47d4-9586-2808784fcde8  2   202   1.467799  14.1
23  49018b36-073c-4c6a-a09c-f16cf4227aec  3   202   1.805199  11.3
23  061820d5-824b-412e-a600-90de1a03dcc2  3   202   1.806453  16.3
23  e94b4634-254d-492c-b7af-823086773daf  3   202   1.950866  16.5
24  b550f189-0684-44ca-b445-8b205e3b4615  3   202   1.500340  11.4
24  67e8ee4c-9f6d-4995-837d-051537b6ab7f  3   202   1.538163  11.1
24  999d2925-6956-4ff0-b77a-4db64024a3d3  3   202   1.723336  17.8
25  19c551a3-5869-4d13-82ea-586b936ccf9b  3   202   1.728423  11.2
25  7a600c5a-37da-48c8-96e1-93e679ecea66  2   202   1.793372  10.4
25  d39d243a-0559-47fb-86d1-ae304e0bc6a2  3   202   2.211661  25.8
26  ed549422-072b-45c4-9ebf-7bd389d694af  3   202   1.672665  10.7
26  a511cc44-21df-42b1-8aa6-52ff7327e461  3   202   1.709376  14.2
26  312f8337-3a2e-4170-b072-83bf7c38569b  3   202   1.715742  10.8
27  c1bd90a9-5c40-49b9-a5df-e9e86033b7ab  3   202   1.208632  13.1
27  c5652813-5ef5-46b6-b423-a37490d1dba3  3   202   1.629247  10.9
27  ca3db9a8-13bf-44cb-aa9a-adb6abb41cc3  3   202   1.817224  10.7
27  1ddfd00c-caac-471d-80d0-1ec744e37f1a  2   202   1.872324  19.5
28  9a424bc1-cda3-4188-96ab-b4c6188f26ad  3   202   1.741142  21.7
28  8ff1a553-7964-44b1-8daf-fc0f3405d8ab  3   202   1.783613  11.4
28  4bf338d2-28bd-4596-b90f-9323fb670b68  3   202   2.632137  11.9
29  a4ab0c0a-5010-471b-811d-f9da2f644ee4  3   202   1.641760  11.2
29  85ed5892-ac10-4e3e-86b6-c57cf4158832  3   202   1.875034  11.5
29  cf9b9cce-ea1d-4d7a-82aa-94611fc29711  3   202   2.003153  25.2
30  fe264e66-31c3-44c9-a5bb-205e22cb50ba  3   202   1.379407  10.2
30  898b22e7-99c0-41c3-87a6-54a3a184bbce  3   202   1.975682  11.0
30  ab091dec-cd60-4c1e-bd16-f2988190c64c  3   202   2.055939  30.2
31  cb24663d-0caa-4f5f-b1d8-cd2bfcf27f9d  2   202   1.476630  14.0
31  1bfe04dd-d914-4283-853f-95be8318a17b  2   202   1.796092  11.8
31  b7684406-e462-412d-9052-5d7cd275af22  3   202   1.822234  11.7
31  39c6898d-2dd2-4f03-bf7f-d58e7525b6bf  3   202   2.096357  11.4
32  bcab6194-afae-4e1e-8c9d-622e0a491a06  3   202   1.665264  11.4
32  fa49190d-d85e-4ba5-ac08-abcb557b65f7  2   202   1.726085  11.0
32  6e7e5bb9-496d-4ccc-973a-8ff159e928b6  3   202   2.077004  15.0
32  4370c642-3674-4b91-bf78-66f7b3eb8c13  3   202   2.081706  11.7
33  4727fe47-c198-4efc-951b-7dbc080c8467  3   202   1.308206  12.2
33  96cb29b0-3bc6-42b7-a3ce-9d31e1d0c686  3   202   1.552839  10.4
33  fc136511-c658-405d-aaf7-4a79cdcceecb  3   202   1.926408  11.3
34  3879c3ac-9737-41ea-8fa1-01db7abf19b5  2   202   1.563005  11.0
34  6872f763-1f05-4052-95a6-cfae573a0350  2   202   1.766765  15.6
34  e0f9cf42-0f4d-40bf-b989-d11954ee2827  3   202   1.783676  10.7
34  41041645-2ca2-42f1-b88e-a0ee229b193a  2   202   1.787873  10.8
35  6bd5a2f9-a57d-4531-8705-665a6247e5d9  2   202   1.486601  10.3
35  f990d8c3-9732-474e-81b9-93b0c0c82288  3   202   1.743290  11.9
35  3e38113b-1294-46b5-96a9-26b73b985b41  2   202   1.815010  12.3
35  35f07773-52dc-4b51-bd23-54b879c85c67  3   202   1.944396  11.3
36  976cc232-858b-4a33-b9bd-d1299e5c1dd5  3   202   0.999180  17.4
36  8572f686-c155-4863-ab4d-a5045e332712  2   202   1.593074  10.9
36  2931376d-445d-4ce9-8166-c1ecdcbdfaec  3   202   1.818238  15.1
36  bfe2ff00-7ab2-4e41-b4ab-fe103b98eb8a  3   202   1.921943  15.0
37  eaac1b96-bd9a-4f45-979d-217764c10fc2  3   202   1.868086  11.6
37  3084f11e-da45-4c73-851d-78b60e4365b9  3   202   2.112324  13.1
37  1e667355-6038-4b04-a366-1bc3dc11df30  3   202   2.159470  30.1
38  dc17b37e-992d-4b1b-bf20-ad2cdc813fbe  2   202   1.518655  10.6
38  5aca7f93-88af-4e5f-8cc2-361f06352a4d  3   202   1.849310  34.0
38  456c94ee-e9a2-4d90-ae42-603f8a4fbd7b  3   202   1.857220  10.7
39  5d8b4b5d-e8f7-41d3-8d26-f4ef241b1dc2  3   202   1.478170  10.6
39  199e3e87-8849-43f1-a2f0-61c08258690e  3   202   1.743213  25.4
39  399ea126-9705-42f2-a974-b151beeb9c19  3   202   2.034974  15.0
40  26e41c03-ffc1-40a2-bdda-fc1c7b35e486  3   202   1.787211  18.2
40  065d4147-2fa3-42a3-b998-a809c3f7e1e1  3   202   1.895356  11.7
40  0d415e4e-9792-4fb8-ab4f-b37c4a0f5a6c  3   202   2.424370  11.4
41  2fa47322-95d0-4c2a-965e-d7f3db4d879f  3   202   1.448235  18.5
41  9f32136a-1885-447f-8198-b0f41aae6dc3  3   202   1.719982  11.2
41  697a2f84-e872-4240-ae6d-d4ae68d90795  3   202   1.887174  13.7
41  ed98e703-68b9-4c8f-b2e8-ba441c3124e5  2   202   1.974106  11.1
42  5e1218af-9a87-4fe0-9f4d-e951da433f58  3   202   1.917524  11.1
42  53f376fa-6cb5-4285-838f-5c73655d583f  3   202   2.006714  11.4
42  59900bd2-b0db-475f-ad2d-ad100c846a9c  3   202   2.135587  26.0
43  eb26ec0b-581b-4d69-bf23-4ccbd60aceef  3   202   1.225644  17.6
43  8f2c9119-51f1-4922-bbe6-bdb4698c1992  3   202   1.401534  10.6
43  d6cb7a3a-f022-42d7-8446-cab3e5a76f14  3   202   1.459872  13.6
43  675bc404-8667-4d69-8712-33ec8704ec0e  3   202   1.759308  11.4
44  68128544-e5c1-4c0f-8a2f-0394bb93b5fb  3   202   1.055754  17.4
44  73f70acf-7186-41cd-b539-a75564670946  3   202   1.446568  10.3
44  e4e5345a-c904-469c-99f4-b48bcf6151f0  3   202   1.472146  10.4
44  8c0b32a5-b118-4eac-b468-35dac139f053  3   202   1.976744  15.0
45  da671168-5a26-44a6-ad86-b7a7101fd85e  3   202   1.618001  10.9
45  19dc6e33-5cd1-4d23-860b-d4c0252902e0  3   202   2.050017  30.3
45  f1763db4-8d10-4b84-adfb-f85761b83976  3   202   2.097508  12.9
46  0c5af0bd-fa1c-40cb-97a5-95fad4d4ee1e  3   202   1.740671  11.1
46  1fb25d19-4ef7-44dc-a757-df3975c079de  2   202   1.757123  14.2
46  b8a44d24-bf03-4644-8c33-dee236dd78d4  3   202   2.162911  26.6
47  8d94e622-be28-41c0-9828-88830b95dab7  3   202   1.721032  11.2
47  aa8635f7-3e80-434e-8d92-1afcb1d5da77  3   202   1.790436  33.7
47  56a442ba-5b1e-4fec-b117-38d7ef9a4180  3   202   2.037913  13.2
48  60a23777-1892-4cfe-8298-7754579c0f4a  3   202   1.700870  11.7
48  e24d0fa1-17f1-4b01-9611-5cb98c7441f5  3   202   1.788698  18.1
48  2fbf321d-cdad-4d63-9590-05870db66b0f  3   202   2.171542  12.4
49  127df6c4-899e-4e87-ab6b-d38fc889232b  3   202   1.326177  11.1
49  b10b8778-b05e-40e1-af91-c17b971656d6  3   202   1.978869  15.3
49  45964701-9898-4339-90b0-7c01a0df1621  3   202   2.001235  30.3
50  618e0a8a-fa89-49f9-af6c-2f0b2d15c120  3   202   1.692555  12.6
50  ca8aede3-ec00-40c7-8add-00f2eaa6ef5b  3   202   1.790164  10.5
50  7744119e-e454-4584-85e2-77a36814ab36  3   202   1.905344  25.4
51  e2167645-2e51-45cb-abfe-b0be749c5278  2   202   1.663367  11.5
51  2b6d7edf-0ec9-4770-8122-c14a8429a79f  3   202   1.698662  19.8
51  63f75351-2e3d-434f-bc46-38df489c443c  3   202   1.720004  11.2
51  4fcf6bf3-572e-43ea-a793-1f0685dd34de  3   202   2.056420  11.2
52  87662a20-1c62-4635-b7c5-634805a7569a  3   202   1.729166  10.9
52  8576e44d-9cc0-4ffb-907e-c96c7b2b4194  2   202   2.071875  10.9
52  305df65b-72c7-4e21-a0b1-f614dccf8110  3   202   2.118579  26.5
53  bcdbf06b-d9e9-4f42-8c6d-ee2ef4e634e9  3   202   1.771462  11.7
53  d99d1758-b6ea-44a1-91f7-0d0cccf31d77  3   202   1.779172  18.2
53  1c6d8823-ed90-4af4-9662-ad21b30b8892  3   202   1.831376  11.9
54  451c552a-ad48-4214-929b-ea78d803decb  2   202   1.492556  10.2
54  55ae110f-85a9-4cd0-97e7-c14dfbe7f90f  3   202   1.741088  21.7
54  cfc2fbd2-4f11-4035-813b-d53b27a9c73c  2   202   1.920062  11.4
54  3dc1b267-98c3-4f77-81be-4aeded91dfcd  2   202   1.941410  11.3
55  23cbd161-77d5-404d-9306-a46f6a0c8c04  3   202   1.738601  21.7
55  cf9a3917-63b1-419c-bb13-d4d2d4c2dda4  3   202   1.967579  10.7
55  c19163d1-64b4-4408-907a-a0cf0c5035fd  3   202   2.281198  12.8
56  8ee8b049-81bf-4e82-af08-04d49c4f0a72  2   202   1.603118  10.6
56  9dabf3a2-f2ee-41c0-8eba-a68e96d8d8fc  2   202   1.651625  10.8
56  ec6035d8-218b-48d6-8865-bfc2f7190855  2   202   1.800112  15.6
56  bb13adc4-d66a-4be9-98c8-d0832b155987  3   202   1.959596  11.0
57  d36c87c6-84be-416d-9ffc-017ec87563f8  2   202   1.282032  15.8
57  91bc8abb-a159-4039-830f-cca649041c86  2   202   1.419040  11.3
57  988c2246-3bc1-486c-8076-f3c4df3644a1  3   202   1.616568  11.1
57  dc55d7e0-afab-4ff6-a743-52f64111b0e7  3   202   2.025723  18.5
58  01fa1e60-14ab-49ff-8c20-c6a58d02c621  3   202   1.692309  11.1
58  59cea062-4075-4d98-9541-47b2508b0ae5  3   202   2.105926  11.0
58  f8abec09-2a3f-4f6d-aef7-02d3281d695a  3   202   2.195329  26.0
59  0ffdd149-3603-4a06-ab53-0c299ed73ef9  3   202   1.383339  10.9
59  c76d3ae3-dd62-430f-aae5-041fc47b9a6c  2   202   1.523756  11.1
59  daf46f0a-a4be-4557-8c4e-2143424c33fd  2   202   1.801303  22.5
59  d316c5a4-f075-440a-bb63-8d6a9a9d74be  3   202   2.056378  13.0
60  e174a9bc-2f3b-4a82-9e07-c0b894960e76  3   202   1.627242  11.6
60  5a4b689c-499e-409f-90e8-b0c063ccf343  3   202   1.693673  17.8
60  81df109a-45b2-4bdb-ac3c-d7a83d91f71f  3   202   1.857200  11.7
61  c283e077-a0e1-495e-8b09-20677ae219b0  3   202   1.402554  10.2
61  d5a07fbc-d7c7-46d8-afdc-790de53da72e  3   202   1.582272  10.8
61  863b5a7e-87c0-4786-8d96-a938d35f3b51  3   202   1.846022  14.7
62  9db1f645-4070-407c-8e66-c5b6397c41b5  3   202   1.559306  14.2
62  4246893e-3962-4006-b3cf-1b255f5a9ffe  3   202   1.836079  11.4
62  b531f0bb-9377-49fb-a231-a2bcdce0f300  3   202   1.885045  11.2
63  8a95af4c-73b4-4035-ab7d-bba8e70fc776  3   202   1.619712  10.3
63  621257df-4509-435a-ad2f-7d9287b144a1  3   202   2.096681  11.2
63  fc20b4df-c11a-4b29-91b1-42799b56fded  3   202   2.144619  25.9
64  31c86261-cca0-41c4-bcde-952260f93758  3   202   1.288104  13.4
64  28d1a471-1c58-4dc5-8461-833f6e86107f  2   202   1.395394  13.9
64  57d2ac06-d72b-45ae-936a-b4bf9dd19f1a  3   202   1.778118  11.4
64  512f1127-b14f-4bd6-85d3-73e70fda6f5d  3   202   1.951177  12.0
65  96e7393c-66ae-405a-b685-cc691db05202  3   202   0.769503  17.2
65  d03ff65c-cd9d-4c04-b27a-e3c2347ae780  3   202   1.460660  14.3
65  3eb5c81f-47f3-40ec-be51-e7927b76e6b9  2   202   1.538329  10.9
65  793d6eff-54e9-41ab-b292-67c712cdabd8  3   202   1.892267  18.2
66  9f0f9edd-71bb-420e-81ed-7591ce5a3e7d  3   202   1.729086  29.9
66  99db5b98-4ec2-4dce-9e17-bdeb60f84cb0  3   202   1.808259  14.7
66  0e9fad75-6860-45cb-97d3-6b2e21863637  3   202   1.839203  10.9
67  c6ad045f-15e8-44be-86a2-9a7801417146  3   202   1.653587  10.9
67  c991627e-61b5-4bd6-ba8b-14cfacd3ce06  3   202   1.786103  11.2
67  eb268ad2-0f62-41e7-b001-9d19c8be96b2  3   202   1.836242  11.4
68  34228d38-cca0-423e-ae2b-a92a8a5cd89d  3   202   1.712009  10.3
68  1eefae3d-a023-48b9-b2a2-afd82e77586c  3   202   1.970564  12.5
68  fdeee248-95fd-4bde-9a77-29f8417e9d22  3   202   2.036082  22.1
69  d7a1d184-23f8-4756-b5d5-fb4b05675bf4  3   202   0.606486  17.0
69  6d40205a-9252-4909-9080-d9b4e2e4fe3f  2   202   1.575095  13.1
69  ab6e131f-5ba5-4b74-89f4-5e5613486e70  3   202   1.611315  14.8
69  734a1953-7982-4aad-89a4-964d7fde6ea6  3   202   1.887798  14.9
70  96a34e64-2222-448b-8c9c-cd22e0a1b6bd  3   202   1.643559  11.4
70  21bf17bc-7148-4bdd-b4b9-f070285aa331  3   202   1.745554  18.1
70  85c62b17-e493-4321-a638-9bfb22a6146d  3   202   2.021872  11.7
71  4cd63e75-30ac-4537-afa2-ca68747d905d  3   202   1.490858  12.0
71  8f466811-2cec-49ec-9c72-b49b49339a7b  3   202   1.693714  18.0
71  8cec0d5c-130d-4061-b175-cb5670027316  3   202   1.800549  11.6
72  b94b6dd8-79b8-44a8-be8d-ab3c7c738159  3   202   1.433081  13.2
72  3e93deb6-6f4c-4900-b8ad-5af5b041e098  3   202   1.628807  11.2
72  196cc088-4815-4927-b7af-8d6c094575bc  3   202   1.711784  11.1
73  032d845d-14f9-4cb6-a00f-6c451da23a07  3   202   1.611801  10.6
73  6503845b-28eb-4a44-b737-8d6870586de6  3   202   1.888509  29.7
73  af6c6a78-8cb5-4588-a438-160c855398bf  3   202   1.938650  15.4
74  99fd2b48-faa2-484a-b26b-a6b9ff61f921  2   202   1.324034  18.5
74  cdd8b917-50f5-4c79-be02-f2b955ec8a29  3   202   1.395580  11.2
74  2b0ccbc3-2400-48d2-805e-16dc1863d8f0  2   202   1.644878  10.8
74  cad34379-aec7-408c-9063-263d079ee8a0  2   202   1.812405  11.1
75  54911a9b-1241-48a5-8584-bd313a1c94df  3   202   1.794058  10.4
75  c94fbb83-3abb-49a2-8783-ffd2250a6745  3   202   1.916178  16.3
75  a0d674da-ccf9-41a3-b131-8b47543cba74  3   202   1.972556  11.6
76  c6e07ba1-e975-40b3-9965-2ef4d9e51965  3   202   1.932411  13.5
76  54b02a13-79c5-465e-87b3-8718ad7212dc  3   202   2.021859  25.2
76  98477011-0e49-4eff-ac28-d2795c3e776e  3   202   2.026407  11.7
77  00dbdd8c-ce59-48b3-ac20-12fcfcf91803  3   202   1.344999  17.8
77  035ee098-32d8-4975-802d-2a5f21ec18ab  2   202   1.592374  10.6
77  bb4af9cc-9928-435b-aaa1-94a441c41375  3   202   1.638786  11.1
77  7fdba8af-89f5-4db4-84f6-b3a2c4e7c223  3   202   1.827966  18.1
78  1b43c370-7ae9-410f-8af9-92ac91a09501  3   202   1.788864  11.8
78  d5fecd28-f29d-4ff2-9139-a55a4790eecc  2   202   1.821124  11.0
78  11ed0b5b-2b7c-4777-be86-ec5eb0eded7a  3   202   1.857279  14.7
78  5ef303b4-037c-4911-9aff-e927ab681a34  3   202   1.923962  11.9
79  c49eceb0-0c25-4c98-b86e-51fcd50f27e5  3   202   1.499378  14.6
79  c43c18bb-25f3-4637-8902-fe220ae5aa0f  3   202   1.748581  14.9
79  4e18dfa9-6f06-4e23-976b-0dd312f3953d  3   202   1.936026  11.3
80  0e717e41-ba6f-4897-a3d7-0f4ffb5274cf  3   202   1.601672  11.6
80  bb8793e3-6877-45e2-8b7f-befc289a917d  3   202   1.738054  21.7
80  1b200235-b39b-45c9-9555-4690fd5c967d  3   202   1.896667  11.9
81  00778e36-550d-4429-8726-e62acc59b623  3   202   1.299539  11.2
81  f7aa8c4b-8101-462c-af73-12c6c9c90b0c  2   202   1.420736  19.2
81  d5621930-a6c6-4c97-b3eb-c19e0e617253  2   202   1.539797  10.8
81  c2228cb1-549a-4e00-bc25-f91544ecc9ea  3   202   2.023937  13.4
82  9cb0e787-aa88-4242-adbf-7018605f5b86  3   202   1.659550  14.3
82  c3d621ad-16da-469a-a1ab-e35dcda83098  3   202   1.742578  25.4
82  6f651a39-8e89-48ad-b02d-7953486f1f53  2   202   2.137541  10.8
83  2a9cf124-e973-4e04-b8ea-1f7d9382e31a  3   202   1.471060  10.9
83  82c9e950-8909-4184-83b8-517a982c9f9d  3   202   1.654696  30.0
83  37adb937-4799-449d-b713-c582380c095b  2   202   1.906061  10.9
84  feec80f4-8132-4e19-9c8a-f5ddcfa49b2a  3   202   1.829917  11.0
84  db9357f5-67a8-47fb-bbae-f50f7546feaa  3   202   1.943719  25.3
84  1b212c5d-f8a7-42e9-99c8-8e407d91868f  3   202   1.987033  11.1
85  d414ab3e-3e09-402e-ba20-cadb5a1e825a  3   202   1.686222  13.5
85  0b4c1a1a-d9b5-4638-8495-7806a2f7de08  3   202   1.752048  15.1
85  d0046d3d-4644-465f-b824-f978ef6cd5da  2   202   1.857429  14.4
85  48093921-1d5e-4c6e-b6ca-8f8bf3957e5c  3   202   2.044264  11.2
86  6655c6e7-9907-453b-afeb-492b60e06221  3   202   1.554603  11.0
86  0d76de13-0340-4350-b247-6fb75f7b3ff6  3   202   2.022464  30.7
86  a4488020-0d4d-4492-9575-d1a7ba71d59e  3   202   2.032600  15.4
87  99819e9a-1c83-494a-990a-5a8501cf3570  2   202   1.497990  11.3
87  21bf9157-9cd8-4f3d-9626-80f9d9d5c410  3   202   1.509549  18.5
87  6ba477ce-b771-4a5f-a735-3ffaa8fa1815  3   202   1.630422  11.3
87  3b4e318f-03e1-42fe-939c-4e85f5ced961  2   202   1.797487  11.1
87  83e58cbc-e084-4266-ada1-dcbc784b630a  2   202   2.595202  11.7
88  77588f92-1a5a-47c2-a3c9-a74aebe3902e  2   202   1.557960  10.4
88  4c50668d-92bb-4816-a089-6ac4a528f1c3  3   202   1.759193  11.1
88  9846b7d7-e356-41fc-a13a-b4e180d17dcc  3   202   2.225918  30.9
89  2a167452-b120-41f5-8fae-e32a076cfef7  3   202   1.570710  11.8
89  c311a065-fb9d-4a33-984a-b44ad527c20c  3   202   1.877273  11.7
89  4970a962-998c-44bc-b2d4-e816edde5704  3   202   1.898171  18.2
90  02b6d0cb-348b-42be-8931-bc14f4f5bae1  3   202   1.910958  14.3
90  113f1580-ae9a-4b9c-9221-8da10ad676bf  3   202   2.007460  11.2
90  889f24ab-c375-40cb-9aa3-a4684baeefee  3   202   2.058925  22.3
91  c959c6c5-6f25-4e48-aac3-4998cd599a3a  2   202   1.441965  14.2
91  29a12ad9-f142-486f-b0f7-d6fe04533cc7  2   202   1.569077  13.5
91  760fe009-baf4-451a-b59b-87a954b267e4  2   202   1.895689  14.8
91  c96bbe40-36aa-477f-8b31-2bad6941ebc8  3   202   1.904030  18.2
92  ba665120-b7c2-4642-8eb7-8729f55228c5  3   202   1.689204  11.1
92  6d91f07e-720b-4e2f-8c11-fedd00d2df55  3   202   2.033280  11.1
92  2634c234-3edf-4e8d-8e2f-cd4f843fe5f2  3   202   2.105371  30.8
93  461c5b8a-7b21-440d-9588-2db9e973b280  3   202   1.535978  14.8
93  00604b7d-592d-43df-adeb-64995e84a7c7  3   202   2.012361  14.5
93  f2f0f3aa-33d1-4028-988c-94f4680770b6  3   202   2.128361  30.0
94  5f363e87-c6ab-4019-87eb-47a1b420f983  3   202   1.776648  18.3
94  fc36477e-9a8e-4ea4-8c19-727bc4b7d50f  3   202   1.890012  12.5
94  e8ab25db-2127-4415-8727-fdda44414c25  3   202   2.568351  12.0
95  30dd6426-ac4e-428b-8aa7-cb246574df4b  3   202   1.715726  14.1
95  e08622c1-771c-4436-b773-9c5fdc38f66a  3   202   1.796245  15.3
95  cc4e3393-a6c8-4784-ac83-ec118ac05a64  3   202   1.865243  34.0
96  bccf4f14-dbe0-4bbf-878c-1dce02bea8a5  2   202   1.409445  10.7
96  0fd0b335-9f19-4811-9007-5090b6f58275  3   202   1.624999  11.5
96  2ccedb44-fa27-45a0-b7ce-0d6472f22e68  3   202   1.692591  15.4
96  90445e4b-3af9-41e2-82cf-28ecebb25077  3   202   1.928647  15.0
97  0c570607-7bb3-4ae8-8e58-cb2fae21ab3d  3   202   1.743815  12.0
97  a921598b-4c2c-4273-a441-ed2b90700257  3   202   1.769565  11.5
97  beeb7689-19b6-4ff8-bab9-dd3f7f096f6d  3   202   1.903178  22.0
98  7ac9c9cd-52ba-4803-bd28-9265c7730c85  2   202   1.251766  10.8
98  4df1317f-2341-406a-b00e-4fc4229f3c51  3   202   1.519246  14.9
98  a4755405-4ba7-4380-b3d8-699b40547bf6  3   202   1.867383  11.4
98  59695c22-b48d-45bf-b85f-a8845eaf938b  2   202   2.540194  12.0
99  0aa63ecb-9c1c-4664-a641-85b2e570f037  3   202   1.797049  33.8
99  a3d5bfae-96bc-4422-810a-3d55b89e54e7  3   202   1.842726  10.9
99  cf7a4fbf-4d07-499f-b5ec-f98705acdba2  2   202   1.959940  11.1
100 cf512daa-e59f-4bd7-a64e-a2bfaaa5233b  3   202   1.811375  15.3
100 ddd1abf3-5165-426b-97cd-4089ef76ac29  3   202   1.837082  18.1
100 dc4796fc-1984-4691-a355-a436f9e12ca9  3   202   1.904918  12.4

# 콤보 343건 / 문항 956개 / 353s → 58 콤보/분
# 접수 HTTP: 202=343 비202=0  (SLO 100% 202)   R2 업로드 실패로 접수 안 함: 0건
# 접수 응답(클라이언트 측정, TLS·네트워크 포함): avg 1.754s  p50 1.778s  p95 2.129s  max 3.185s
# 접수 응답(서버 측정, http_server_requests): avg 0.015s over 343건  (SLO p95 ≤ 0.5s — 서버 측 p95는 Grafana '제출 API p95' 패널)
# 접수→완료(클라이언트 폴링 기준, +≤2s): avg 14.4s  p50 11.9s  p95 26.5s  max 34.0s
# 큐 깊이(5s 샘플 50회): avg 7  max 106   처리 중: avg 22  max 60
# HikariCP active: avg 0 max 3   pending max 0   힙 사용: avg 123MB max 190MB
# 잡 상태: COMPLETED=343 
# 문항 상태: DONE=956 
# 접수→완료 DB(초): min 7.9 / avg 11.3 / max 28.3
# GC 전: jvm_gc_pause_seconds_count{action="end of minor GC",cause="G1 Evacuation Pause",gc="G1 Young Generation"} 72 jvm_gc_pause_seconds_sum{action="end of minor GC",cause="G1 Evacuation Pause",gc="G1 Young Generation"} 0.314 jvm_gc_pause_seconds_count{action="end of minor GC",cause="Metadata GC Threshold",gc="G1 Young Generation"} 1 jvm_gc_pause_seconds_sum{action="end of minor GC",cause="Metadata GC Threshold",gc="G1 Young Generation"} 0.012 
# GC 후: jvm_gc_pause_seconds_count{action="end of minor GC",cause="G1 Evacuation Pause",gc="G1 Young Generation"} 125 jvm_gc_pause_seconds_sum{action="end of minor GC",cause="G1 Evacuation Pause",gc="G1 Young Generation"} 0.513 jvm_gc_pause_seconds_count{action="end of minor GC",cause="Metadata GC Threshold",gc="G1 Young Generation"} 1 jvm_gc_pause_seconds_sum{action="end of minor GC",cause="Metadata GC Threshold",gc="G1 Young Generation"} 0.012 
# 서버 생존: 1 (지표 응답=1)
