# S3-async u100-slots-240 — 2026-09-22 14:36:11
# base=http://localhost:8080 users=100 duration=300s topic=MOVIE_WATCHING/LEVEL_3 audio=scripts/test_audio.webm
# 서버 기동 명령을 여기 손으로 적을 것:
#   
user attemptId                             q   http  submit_s  complete_s
1   861dd806-6bf4-4e74-874a-4f5f71970c15  2   202   0.017799  16.3
1   619fabe9-449d-49bf-b198-71287a2eaacf  3   202   0.053674  12.3
1   fdc1f019-52fd-413d-814c-0389d9ca5c87  3   202   2.853577  45.9
2   3c5fba71-a8a3-4fa1-92ed-01abe0256001  3   202   0.028946  12.3
2   e7757b31-41a0-4d86-a948-53f17d456b81  3   202   1.249996  46.3
2   fb87a010-1b77-4c2a-bc8a-55c11539c380  3   202   2.020161  42.8
3   0b79575c-f084-41f6-90b4-b7b44d191e3e  2   202   0.026516  12.4
3   505aa046-95e5-4add-b744-63f55fe32000  3   202   0.905432  39.8
3   654c933f-0a7b-4f17-a71b-b4cb47331233  3   202   7.690777  61.0
4   fe9008d9-fcf1-4f22-b44a-17d8d846a680  3   202   0.012134  44.9
4   fce14b22-8df5-439f-a3dd-5c03f9941208  3   202   0.022515  14.3
4   d856f4d6-aeab-47b3-84ea-5d1e0be9abd6  3   202   0.024393  73.5
5   4df72cad-fbc5-45cc-9e33-8b06f1821e4d  3   202   0.019943  48.1
5   14b192c9-4d8c-496a-a929-d6998d9b6785  3   202   0.023187  14.4
5   9ecf9b1b-c5a3-4ed3-bff3-852e89449adc  2   202   9.136961  52.2
6   770b4fe4-12a5-4b23-a360-9bddf3ed8e00  3   202   0.022727  48.6
6   be71dce0-c477-45d3-8306-1bcaf669b77e  2   202   0.028454  10.3
6   a79ee012-a78d-4cf3-8ee6-5caee79604b9  3   202   2.012872  63.0
7   7980f5b6-fd9f-4107-870c-16dd59ff0558  2   202   0.016040  14.3
7   11b688be-6474-4aa0-ba8c-71f6dc91bc11  2   202   0.022614  18.5
7   21f1a8d7-0305-41f3-acd9-357d8531dcb9  3   202   2.902544  54.2
8   720548a9-5e32-40df-b77c-27831fbbcc7a  2   202   0.016668  59.0
8   2ac6c753-6be9-4c60-8498-77eb67d3e932  3   202   0.025176  26.4
8   da02cc19-021c-46b7-b3ec-5325a9e83c13  3   202   0.319213  41.2
9   b1a71ebd-68a2-4132-9879-f9919b4c23ee  2   202   0.016453  18.4
9   701da85b-5d10-401a-bac1-16703ee924a8  2   202   0.148492  14.6
9   06b0c3b8-5cbc-4db1-9eaa-c5c65474f028  3   202   2.344172  67.4
10  91ea858b-6735-446d-a7ac-24e8b75abd22  3   202   0.015508  55.0
10  c1bbd815-cf6d-4362-bad9-d074758ebe02  2   202   0.024319  14.3
10  bc84b56e-9435-4c04-ad1f-bc44b909b805  3   202   0.688189  39.6
11  4a57e88e-bfe1-40bb-88f8-2dd3c06d800c  3   202   0.019409  12.3
11  94c869a7-6567-4447-a517-c741516a4963  2   202   0.031258  14.3
11  4ae053ef-6021-4189-9e58-edbe26449678  3   202   0.097698  52.7
12  b4bf09d6-4e6d-4933-9f6f-71102026bca6  3   202   0.024290  75.0
12  182c3392-825b-47a8-8e9b-a2d3939f4316  3   202   0.026979  24.5
13  3482c9bb-c4d4-4b16-82c7-62771e26ed8a  3   202   0.018300  46.4
13  34211a4b-5e55-456d-beac-90f8df606674  2   202   0.021927  10.2
13  977a1f49-1f36-4f23-9200-5caf7dd58db0  3   202   9.343784  52.4
14  88a12bfe-0a25-43c5-8ded-24b760732c7b  3   202   0.021789  62.8
14  11684fbd-81a0-4f31-879d-151c55b358bf  3   202   0.022514  22.4
14  3d5ee3fb-40d9-418a-aa83-00c294244a27  3   202   0.847937  31.7
15  28c88683-cf3e-4ac6-9da2-10242b81ac46  3   202   0.023633  14.3
15  d6a6cffd-a7fb-46ad-a153-056ead15fc5a  3   202   3.218537  46.2
15  806e7411-f7eb-4d9b-9acf-156b21b63e85  3   202   4.836093  39.5
16  cee67f7b-7df7-4b3f-a7ff-208304a6675e  3   202   0.010176  62.9
16  20fda90b-1837-4018-aa6b-ffbdab0985b1  3   202   0.034370  16.3
16  47cf4b96-7b90-4ca3-a6a0-7db0e1a6ed40  3   202   4.443732  29.1
17  bfa03803-9233-40b1-b872-b166565f84fd  3   202   0.021828  12.4
17  56528cbc-86ab-4f97-af5a-922541ae4089  3   202   0.338543  47.5
17  c6ce9611-0c71-44bf-b0fe-bf604d8f4333  3   202   3.645771  42.5
18  a2f84149-f590-4f4a-a88b-734360d85211  2   202   0.010435  18.4
18  78faf5fc-1d46-4d49-8a4c-693d1ee7540e  3   202   0.023382  12.3
18  208e4930-bec7-49b8-aec8-f4ecce711c0a  3   202   0.236603  47.2
19  cc1e6828-0738-42cf-9936-9af14ef31c1b  2   202   0.014582  16.3
19  76938dd2-986f-4e61-a52c-217266a5a1e9  2   202   0.022057  14.3
19  49f7baf7-4def-4b45-aa3a-db6568c6f19e  3   202   9.493069  50.5
20  e71b555f-570a-46b8-88b9-d7886f6358f0  2   202   0.012849  18.3
20  652d32ef-f0e8-47cc-bc40-2c776d3001c6  3   202   0.029387  16.4
20  c3d24d18-9f6c-4b88-863d-de625f2d365b  3   202   0.958129  51.9
21  244dad9d-e059-4527-8991-08a9c9987b15  3   202   0.025735  66.8
21  1b035392-5308-4505-bd18-fb5b7aa4e109  3   202   0.027469  24.6
22  ea9b2984-221e-4eb6-a800-356fc4a77b4c  3   202   0.021945  62.8
22  6f3304f8-8113-4766-acb0-65a6f6fbcd1b  2   202   0.022120  22.6
22  aa2b03e7-9822-4175-8faa-975a2c2e2dc9  3   202   1.614575  34.6
23  fb8308f8-aaee-4b90-bd48-d61b18a6337e  3   202   0.025914  50.7
23  3b3de6f0-8d27-4f8e-a520-c6b9091039f6  3   202   6.566687  85.7
24  bbc39751-d89d-435b-a2b8-b7e8b99682ad  3   202   0.024873  26.4
24  0a3be5dc-4054-4a77-b5e6-3fdf346c92db  3   202   0.025113  52.8
24  4529ec8c-41ea-49c3-bfb2-c5ffaa219929  2   202   10.269593 47.0
25  d7099f79-47d7-4f8c-9457-acf045222123  3   202   0.022922  20.3
25  ffaa6581-e44d-4907-bced-37b0465e1440  3   202   4.085537  34.7
25  25a5fc95-b6c5-4c92-956f-b3f2dfead67c  3   202   5.468028  44.3
26  049afbf1-75ad-4475-b792-803e4de44e52  2   202   0.017608  20.5
26  d94304e9-4a09-4039-a932-d40c14bebca7  3   202   0.031921  14.3
26  24bd6e1e-df9e-4472-9d28-2bb1582ca7b1  2   202   0.587787  53.5
27  42d6a27a-b14c-49f1-b579-73d9add534ec  3   202   0.016685  48.7
27  e38a4535-6fac-405f-b5e1-675c4210f59e  2   202   0.020248  12.3
27  d03b4da9-a0fe-4eec-88d8-64e0c9279c11  2   202   1.406346  58.3
28  677d4e83-1a4a-4d3c-bbb0-e97a8af4410f  3   202   0.022389  32.7
28  47e0e6e6-3019-4a2c-854d-c2766c6f3862  3   202   4.624942  43.5
28  3a717eb7-8d1a-42f3-b674-8f309a807511  3   202   5.316206  35.9
29  19859256-c5f7-4eff-8611-32b75b88adae  2   202   0.013413  52.3
29  73bf0cc6-204b-491a-a44a-f00047bb24d9  2   202   0.024660  20.5
29  1b014545-d8c4-44b5-900d-98d8e5ba6535  3   202   0.026171  52.6
30  b98b886f-2e55-4413-91fa-c13971835bd1  3   202   0.014362  48.6
30  35913780-9273-417a-9bff-e5dd4b371b52  3   202   0.031995  16.4
30  c2b694c7-83ba-417c-b0ff-a873b3c70f90  3   202   3.017561  27.6
31  01f7e435-6167-4a6a-b1e7-a12eae85d100  3   202   0.017070  47.0
31  5202e0fe-c512-4f2b-925d-8b0347aab0e4  3   202   6.831406  74.5
32  af858761-cde6-4768-9d82-bcbd88830475  3   202   0.016642  44.5
32  93e86f51-87fc-40ae-a20c-f629a3425965  3   202   0.028960  79.3
33  b178ad9a-70df-43a0-8395-00abfcf28615  3   202   0.026430  62.8
33  0152024b-67b0-49e4-8ba8-9b947a61e34e  3   202   0.042497  18.4
33  969399cd-558b-4d5a-9eac-46d84c19fc09  3   202   3.127932  27.8
34  00a91ded-4ecd-480a-90f6-a727194430ef  3   202   0.018557  32.4
34  88c91e9c-8e43-4632-9c1e-418ca33f0470  2   202   0.025056  14.4
34  34b40ba5-0b19-499f-a990-fb50ab320ba6  3   202   0.889363  52.2
35  78fd52e3-98d8-4a0f-9ba8-a69acd37f6e2  3   202   0.021892  16.3
35  ab31d226-53b6-46fb-ac15-3c71996d025a  3   202   10.121161 41.0
35  fc3a6e1c-5d3d-45e4-9315-374d6f07e7ea  3   202   5.680198  46.5
36  0daa0b8f-9252-4a5d-b36c-6242920eab95  2   202   0.024145  10.2
36  2743429e-45d3-480e-a4e0-a7636213e211  3   202   0.028693  34.6
36  8bb792a9-798a-42ab-bbce-b63d985c195e  3   202   0.098496  57.0
37  12ac96ee-d1c4-42e6-bda6-11c9bf00912b  2   202   0.165390  16.5
37  4c511d78-85e0-4ecf-94f1-13b8c8d09aef  3   202   6.577110  89.7
38  847696d9-d2cc-4cdf-95fe-857a817cffc2  2   202   0.012137  18.4
38  72fd0a3a-5160-43c4-9a7d-7a0fb6fcd62f  3   202   6.716744  74.6
39  c8684430-90f7-4301-9637-490d23ebba7e  3   202   0.016561  53.1
39  0c81beeb-6b5d-4c57-ad5b-25274d09d234  3   202   9.429341  89.1
40  418e5c47-0a3d-4b11-8ce2-083e3d9a342c  3   202   0.038391  40.8
40  e4c039f6-d410-483d-986a-d3576b04bb1e  3   202   6.068879  85.9
41  3fc3daf4-af8f-4092-8144-3123efc6a76e  2   202   0.016521  16.4
41  25e0f6fe-2528-43af-b453-abceb5929b3f  3   202   0.017944  49.0
41  0f67af64-55bb-4e1b-a72c-d3170aef109c  3   202   0.889871  46.0
42  cd8490eb-7ae3-4949-b274-26cf476168dd  3   202   0.024444  22.5
42  33a798e2-95f2-49c7-a0d8-632fd23a1d3b  3   202   6.580087  73.5
43  d9b07ce6-f922-4ee9-ab4d-4e5d8f704074  3   202   0.017212  50.6
43  28d321f2-a4ef-4297-aada-e08988a36518  3   202   7.204480  86.4
44  df356b7c-cbf2-488b-bfc0-142f6b9c7627  3   202   0.018275  50.9
44  233165a2-36a7-4da2-803f-119501212549  3   202   6.121633  91.8
45  ef52c852-d05b-4472-a9a8-f8d8b3a6d7ca  2   202   0.019739  10.2
45  66eb2700-ec01-4bce-bd14-12fbe9f18c2e  3   202   0.236566  51.6
45  79a4c033-6729-4865-9ab5-01ecd6319882  3   202   3.975779  42.9
46  6378efdf-b069-48d6-b4de-1e0383a17153  2   202   0.014653  16.3
46  0cf89a1c-b3c2-47ab-acdf-e482db2422c4  2   202   0.017281  12.2
46  74aa906e-96f5-415a-8ae1-ac3d28b22c6d  3   202   0.798021  55.8
47  82ea4593-476f-4225-8b32-5c8016e45dcc  3   202   0.014904  16.3
47  310c5d4a-b913-4742-9a0f-094b641f5a95  3   202   8.789867  64.3
48  4e32b2ca-c865-4ece-a318-dbca31a4d90a  3   202   0.019812  70.7
48  9034c9b1-57dc-4d63-9d68-784062a16adc  3   202   0.023611  18.4
49  6e1d4c22-92b7-495d-a105-17ed60efbb5a  3   202   0.011974  14.3
49  d03df5b0-610b-41f0-8545-a44d14199db8  3   202   0.780585  39.7
49  7b62b266-26ef-40e3-9fac-5a2ac4a264f7  3   202   1.447878  50.4
50  4f909d44-91b0-49fa-9166-a913b4e63626  3   202   0.017970  53.0
50  7f219f00-1f52-43db-8aeb-5a9a43f052f7  3   202   0.020433  20.4
50  046eb4c9-d2e0-4bfe-bb9f-418ff01815b9  3   202   10.327930 34.9
51  70392c6b-155a-48b4-a8be-aa9c367ef757  2   202   0.021210  16.4
51  4f4115b8-c5b7-4be2-98b1-e420732d11e0  3   202   1.517807  34.5
51  60148568-b103-4fc2-883e-3aa1889472c0  3   202   7.763796  74.7
52  866a9e44-e291-4a65-9266-3a39088e7200  3   202   0.034251  26.6
52  98dd2a82-8c08-424f-a74c-c5707fa7c138  3   202   7.978221  52.7
52  3ca008fd-abe0-45da-b309-c30ef945ac0e  2   202   8.667003  43.8
53  dfc873b2-bd14-43f6-860d-e7728635bb7e  3   202   0.021383  14.4
53  9e393f24-2ea2-4b14-aa7e-c449cd30468e  3   202   8.124154  75.8
54  94c3f2f8-490b-4870-8479-911243b4df0e  3   202   0.017596  45.0
54  66d52747-9ead-4ae0-a525-1914ef954f7e  3   202   0.022843  20.3
54  3b790473-10f8-4973-a9eb-4cfd56ecf592  2   202   2.208263  45.3
55  e41a485c-7c95-4df4-84f5-ab603d768630  3   202   0.014135  20.4
55  6ed42ab8-a5c1-467b-8d54-4dcfff74bc1a  3   202   0.032754  44.6
55  c103a3d5-4362-4d51-854b-faa72eec8884  3   202   0.846984  35.9
56  3ef296fe-6f8b-405a-a2c1-ca08d3d17a2f  3   202   0.024631  22.4
56  f05f22cb-a75b-4484-9650-484b8d4e1d8b  3   202   0.029641  66.8
57  9318cda6-7d97-4817-9956-b38724d8f7ac  3   202   0.016356  71.0
57  4860dda9-fc62-4182-a1f0-af72a7045804  3   202   0.024554  16.3
58  daedcad5-221c-4f0e-8fcb-208ff9fde21b  2   202   0.015335  20.5
58  cca37e58-f780-4d80-8887-f3c5be2d8089  3   202   6.004975  89.9
59  316c2f33-5ad7-4852-a30a-51e8be457362  3   202   0.018555  66.7
59  52c1cd62-f6ee-4ccb-97f2-ec87eb09248a  3   202   0.018649  16.3
60  c77a11e6-818d-4a92-8831-31638c8a13bf  2   202   0.023135  18.4
60  cc70cc90-0aa3-4fdf-8f89-f968b8469fb1  3   202   8.133217  88.0
61  04f8de77-10a8-4760-bf21-7f14f433c3ff  3   202   0.012200  44.9
61  18c63a86-0103-4f0d-96a9-f520e70e90ba  3   202   0.028296  14.3
61  b27e9b98-95b9-4c68-bff0-b9ff229772e7  3   202   7.785912  50.7
62  8657d9fe-5ac4-47ba-9709-9055bf76783a  3   202   0.014111  26.5
62  f6af1380-50bc-4656-995c-be38c2f0648c  3   202   8.175221  52.9
62  a620048e-02d4-416a-8056-1877abe7aeda  3   202   9.086911  44.2
63  ecdd9f2a-cdf4-4437-b44e-af782b0dadfd  2   202   0.020213  14.8
63  c1838b0c-f76f-48f1-bc7e-3415ac777166  3   202   0.020566  46.8
63  7addbd40-5ab0-4cee-bac2-5d91ca5c86e4  2   202   1.639494  66.7
64  abf1b3f3-4725-4ac9-9b2c-603561dd1f71  3   202   0.017629  53.0
64  88d32e0e-da38-47ea-9344-5014fe8fa370  3   202   6.421113  86.3
65  dd2cbb1d-1566-450c-8e82-e564135d2e0a  3   202   0.019106  20.5
65  d0516e89-22be-4888-b530-129a24f90af0  3   202   0.021251  53.0
65  d3530c03-f8a9-4441-b7c0-e98cbbd7ac48  3   202   0.395469  33.3
66  0a5cee34-69f5-40bc-932c-09549bdf6c8a  2   202   0.016951  16.3
66  511f4aaa-44dc-4d4e-9f1d-c99a2da247c6  2   202   0.020875  10.3
66  6164e935-d0f0-40f8-8c9c-9762bbc79899  2   202   1.657052  81.2
67  964faa23-52ee-408b-8809-a43919580c52  2   202   0.030875  18.5
67  44e5d6ce-3135-4d82-955a-47efd081b0c3  3   202   1.927878  34.9
67  e0aa45e6-e99d-4f77-9c00-31c02a43595e  3   202   8.809081  64.3
68  e6f634da-deed-4cad-9dfe-014db91f9a72  3   202   0.020168  60.7
68  84094b7d-4d7e-42eb-be5a-aa10fb633172  3   202   0.029237  16.4
68  06206a2d-3b4a-4b3a-9383-ad2c30ec8ac3  3   202   7.677123  42.7
69  d71880a6-71a8-468e-9439-73359efcf4ec  3   202   0.018692  48.8
69  76cb87ce-84cb-4039-bf26-917067d8e4cf  3   202   0.030806  22.5
69  2c10b04f-7af8-4cfa-a837-fee533e112b8  3   202   4.255969  35.1
70  313e441d-e3dd-4819-be05-48cf625d1175  3   202   0.022460  18.4
70  49c4147b-d3dc-4a8d-b772-245e2190aee7  3   202   10.114040 65.6
71  76963da9-8189-4853-b54c-afc148197f35  2   202   0.163309  18.6
71  8e7c733a-0cf9-427e-90f7-88f19e7e7479  3   202   7.201711  87.1
72  8ba558ba-dbfb-4035-bd48-71b9395c13e8  3   202   0.010313  26.5
72  1307e4ba-e799-4599-a8f4-32b59b079e39  3   202   9.653914  65.2
73  d3cef3d8-1539-4c9e-b8f7-603c2a236e3c  3   202   0.030152  14.3
73  0e2edcb7-a7dd-45de-8b3b-3dbdf6073d35  3   202   6.716656  73.7
74  697b1888-4d97-49d7-a1c8-02817588c955  3   202   0.021476  47.9
74  ee856ae8-ef10-4cbf-b4d8-f233a68ef397  3   202   5.617332  91.2
75  8c479710-13c0-4d36-ba06-e35ae1205fe8  2   202   0.019011  14.3
75  329cd95b-e1d0-4bad-973a-633100528951  3   202   0.025711  46.8
75  b0ba47d1-c911-4d9b-b037-273b930042cb  3   202   6.546329  37.2
76  3e1960cd-338a-4742-ad33-2f88e604504f  2   202   0.030906  12.3
76  aed3e4b8-4d90-4416-b4c6-ef8eb4c8f57f  3   202   1.568007  42.5
76  84988fdf-1804-4e3d-a5a4-be995b399508  3   202   6.077800  49.0
77  08b4c24a-fac6-47e1-8106-a30a1ddb6287  3   202   0.028500  48.4
77  693899ac-1ca7-499c-8570-1a97922b1e6d  3   202   8.603093  76.3
78  3428b92a-a01a-43bf-b9dd-c0aceeeb0859  2   202   0.034890  12.3
78  da43d055-9029-4b0d-bb12-923ad62fa9d8  3   202   4.715563  45.6
78  8ff13996-a9d0-4013-96d8-059a0707344e  3   202   4.870676  43.6
79  ce982791-0b4d-4d13-b114-c03b308aeb79  3   202   0.024894  40.5
79  c866c61d-3453-4459-a995-455d49a1de67  3   202   6.979598  86.9
80  09b31e75-d3b2-4b0c-ade1-bdc4c3d2b7c6  3   202   0.023058  50.9
80  e7471b70-90dd-4dc9-bfcf-c6f23d2616e4  3   202   6.058948  93.2
81  9b85a170-63b5-455c-a9cb-d0da1434429c  2   202   0.019123  16.3
81  f6ae9cc5-44d3-44af-a7ca-3f73ce6b9287  3   202   8.178149  75.2
82  0af4a6f0-9389-4d94-b048-539ec72c7648  3   202   0.019706  48.7
82  795d2edf-b912-4d59-8e7a-a5133073c774  3   202   5.767712  85.5
83  a150148b-fa94-4e86-b9e5-122681fa35d0  3   202   0.015871  14.3
83  b59e722b-b789-48cb-abe1-a961407fe431  3   202   6.717240  73.7
84  fedd4185-1c0b-4283-80fc-53f0163cbc26  3   202   0.015217  18.4
84  0437f48e-f3f6-4277-beab-e38b144d58e3  3   202   0.020628  68.7
85  84956104-00e0-4d80-8485-e892875060df  3   202   0.017741  48.6
85  eadb988e-8fbf-42aa-a532-0ca9cf343275  3   202   0.019952  24.4
85  dc1ffaeb-7cd7-431b-8d35-f7f1b382ee5b  3   202   10.225200 34.8
86  28b8f102-5961-4a41-a958-4749ef8097c9  3   202   0.012661  66.8
86  4d8fe35a-7506-4d79-bc41-8d8cd49abb18  3   202   0.019953  20.4
87  9780c0da-6285-42a5-8c31-4edbf16e2776  3   202   0.020945  38.6
87  4271df55-df1d-451d-b373-00571c0dd2f0  2   202   1.503088  38.2
87  e063b134-9064-4a24-a35a-d7d9b8420edd  3   202   5.214052  46.1
88  978395b1-cb5b-4a5e-be2c-928ac1f6bc8c  3   202   0.045222  20.5
88  1214f87a-f9e6-4f11-b270-54612afb2405  3   202   7.968044  75.0
89  89f13fae-da4a-49b3-998e-dd7076f5672a  3   202   0.028624  47.1
89  c25264d5-1ca2-46e8-9d0b-c4c2dde68935  3   202   8.175837  75.9
90  a4cabe27-398b-4688-b669-e3d3740943cb  3   202   0.023448  48.5
90  e3168979-893c-4d21-80a0-553b135c79d2  3   202   0.025344  20.6
90  4b56d551-4999-4210-a62b-1f7939a4c50b  3   202   0.520633  35.5
91  fe6e23b9-021f-4e0e-8487-26ae92d03ce9  2   202   0.021415  12.3
91  64514013-6cbf-4e63-a9b3-cebceb40a507  3   202   0.024093  50.0
91  55e4500d-a591-438a-aa83-ebefed405c86  3   202   2.184455  45.2
92  2ed28bd7-ec13-434f-b5b9-af86d0d072f4  2   202   0.016173  12.2
92  16da2f12-7ef0-48ed-aa03-f690cf477a57  2   202   0.023456  14.3
92  6ecc7b44-a8d9-40ed-bfc1-c3a143d494b1  3   202   0.758093  43.8
93  1721c128-707d-4bf3-8538-193b745fb4f3  3   202   0.022304  20.4
93  db389efc-52c3-4a70-b083-335d7a442da1  3   202   7.813974  74.8
94  d6c9b813-3d9a-4e52-b98f-b2b33c700496  3   202   0.027249  48.8
94  af950d7f-9361-4bc9-af67-c683154630cb  3   202   6.995085  86.2
95  34d9ed22-ef81-40c0-9f31-3ddfc30a3a64  3   202   0.017639  34.6
95  8b931aef-24a6-4221-95fa-aaed34cfc883  3   202   8.811053  76.6
96  720aa766-8690-420b-ad24-10eef78fab3a  3   202   0.020761  47.9
96  d9b1c392-8a13-4f07-9d19-84e143c5056e  3   202   5.532665  89.3
97  bc64e777-4e4e-481b-8bf1-6d03c61ae0d3  3   202   0.022436  16.4
97  81f62815-5dc5-458a-8816-465fc778a6b5  3   202   6.712048  73.7
98  b777a6c2-12e4-4617-82f5-66656fb9e35f  3   202   0.027965  10.3
98  fc773b2b-529f-4b8e-bcfc-2118aa7d0547  2   202   6.366556  45.2
98  d9caae19-7af8-43f0-b1d4-8095e2b140a1  3   PUTx1 0         0.0
99  e9a15fc2-b608-4e58-aee6-39e16c314577  3   202   0.021411  48.5
99  27632b93-fcea-410d-b1b7-053d7e267dbe  3   202   0.028940  28.5
100 14991747-57bc-4983-84f4-784aee674215  3   202   0.021283  69.6
100 1399bd59-6e88-41ba-98a0-f0260480db75  3   202   0.023390  16.4

# 콤보 257건 / 문항 718개 / 399s → 39 콤보/분
# 접수 HTTP: 202=256 비202=0  (SLO 100% 202)   R2 업로드 실패로 접수 안 함: 1건
# 접수 응답: avg 2.001s  p50 0.029s  p95 8.790s  max 10.328s  (SLO p95 ≤ 0.5s)
# 접수→완료(클라이언트 폴링 기준, +≤2s): avg 41.6s  p50 43.5s  p95 85.9s  max 93.2s
# 큐 깊이(5s 샘플 64회): avg 11  max 110   처리 중: avg 36  max 131
